0705499100
0705499101
0705499102
0705499103
0705499104
0705499105
0705499106
0705499107
0705499108
0705499109
0705499110
0705499111
0705499112
0705499113
0705499114
0705499115
0705499116
0705499117
0705499118
0705499119
0705499120
0705499121
0705499122
0705499123
0705499124
0705499125
0705499126
0705499127
0705499128
0705499129
0705499130
0705499131
0705499132
0705499133
0705499134
0705499135
0705499136
0705499137
0705499138
0705499139
0705499140
0705499141
0705499142
0705499143
0705499144
0705499145
0705499146
0705499147
0705499148
0705499149
0705499150
0705499151
0705499152
0705499153
0705499154
0705499155
0705499156
0705499157
0705499158
0705499159
0705499160
0705499161
0705499162
0705499163
0705499164
0705499165
0705499166
0705499167
0705499168
0705499169
0705499170
0705499171
0705499172
0705499173
0705499174
0705499175
0705499176
0705499177
0705499178
0705499179
0705499180
0705499181
0705499182
0705499183
0705499184
0705499185
0705499186
0705499187
0705499188
0705499189
0705499190
0705499191
0705499192
0705499193
0705499194
0705499195
0705499196
0705499197
0705499198
0705499199
